{
  "advancedEditorSelectedIdentifier" : "ProjectBrowser",
  "openSceneRelativePaths" : [
    "escena.usda",
    "planetario\/escena.usda"
  ],
  "recentIdentifiers" : {
    "9914E577-3950-49C9-B37A-66F07DD170F6" : [

    ],
    "B2EABB44-FE99-4C16-AE9E-91EAA4A30A91" : [

    ]
  },
  "sceneCameraHistory" : {
    "41304736-1441-4B92-9A7D-4CBD7F2C561C" : [
      {
        "date" : 797952795.204035,
        "title" : "Untitled",
        "transform" : [
          0.8946297,
          -7.521805e-09,
          0.44680834,
          0,
          0.17370398,
          0.92133653,
          -0.34780183,
          0,
          -0.4116608,
          0.38876623,
          0.824255,
          0,
          -1.1348346,
          1.1173689,
          2.043952,
          1
        ]
      },
      {
        "date" : 797952789.117629,
        "title" : "Untitled",
        "transform" : [
          0.8946297,
          -7.521805e-09,
          0.44680834,
          0,
          0.17370398,
          0.92133653,
          -0.34780183,
          0,
          -0.4116608,
          0.38876623,
          0.824255,
          0,
          -1.1196893,
          1.2256715,
          2.000435,
          1
        ]
      },
      {
        "date" : 797952785.551709,
        "title" : "Untitled",
        "transform" : [
          1,
          0,
          0,
          0,
          0,
          0.7071069,
          -0.70710677,
          0,
          0,
          0.70710677,
          0.7071069,
          0,
          -0.10789633,
          1.9977934,
          1.6597875,
          1
        ]
      }
    ],
    "9914E577-3950-49C9-B37A-66F07DD170F6" : [
      {
        "date" : 797784036.914092,
        "title" : "Untitled",
        "transform" : [
          0.8600993,
          -1.6278747e-09,
          -0.51012653,
          0,
          -0.13405117,
          0.9648557,
          -0.2260171,
          0,
          0.4921985,
          0.26278022,
          0.8298717,
          0,
          0.15077862,
          0.25231698,
          0.3866882,
          1
        ]
      },
      {
        "date" : 797783931.754049,
        "title" : "Untitled",
        "transform" : [
          0.8600993,
          -1.6278747e-09,
          -0.51012653,
          0,
          -0.13405117,
          0.9648557,
          -0.2260171,
          0,
          0.4921985,
          0.26278022,
          0.8298717,
          0,
          0.15077862,
          0.25231698,
          0.3866882,
          1
        ]
      },
      {
        "date" : 797783929.102871,
        "title" : "Untitled",
        "transform" : [
          0.8600993,
          -1.6278747e-09,
          -0.51012653,
          0,
          -0.13405117,
          0.9648557,
          -0.2260171,
          0,
          0.4921985,
          0.26278022,
          0.8298717,
          0,
          0.15077862,
          0.25231698,
          0.3866882,
          1
        ]
      },
      {
        "date" : 797783911.644108,
        "title" : "Untitled",
        "transform" : [
          0.8600993,
          -1.6278747e-09,
          -0.51012653,
          0,
          -0.13405117,
          0.9648557,
          -0.2260171,
          0,
          0.4921985,
          0.26278022,
          0.8298717,
          0,
          0.15077862,
          0.25231698,
          0.3866882,
          1
        ]
      },
      {
        "date" : 797783909.152904,
        "title" : "Untitled",
        "transform" : [
          0.8600993,
          -1.6278747e-09,
          -0.51012653,
          0,
          -0.13405117,
          0.9648557,
          -0.2260171,
          0,
          0.4921985,
          0.26278022,
          0.8298717,
          0,
          0.15077862,
          0.25231698,
          0.3866882,
          1
        ]
      },
      {
        "date" : 797783907.442716,
        "title" : "Untitled",
        "transform" : [
          0.8600993,
          -1.6278747e-09,
          -0.51012653,
          0,
          -0.13405117,
          0.9648557,
          -0.2260171,
          0,
          0.4921985,
          0.26278022,
          0.8298717,
          0,
          0.15077862,
          0.25231698,
          0.3866882,
          1
        ]
      },
      {
        "date" : 797783904.445586,
        "title" : "Untitled",
        "transform" : [
          0.8600993,
          -1.6278747e-09,
          -0.51012653,
          0,
          -0.13405117,
          0.9648557,
          -0.2260171,
          0,
          0.4921985,
          0.26278022,
          0.8298717,
          0,
          0.20344612,
          0.21372277,
          0.36767197,
          1
        ]
      },
      {
        "date" : 797783898.052386,
        "title" : "Untitled",
        "transform" : [
          0.8600993,
          6.015468e-09,
          -0.5101266,
          0,
          -0.1340512,
          0.96485573,
          -0.22601709,
          0,
          0.49219856,
          0.26278022,
          0.8298717,
          0,
          0.4540927,
          0.30284745,
          0.8725284,
          1
        ]
      },
      {
        "date" : 797783895.977184,
        "title" : "Untitled",
        "transform" : [
          0.8600993,
          6.015468e-09,
          -0.5101266,
          0,
          -0.1340512,
          0.96485573,
          -0.22601709,
          0,
          0.49219856,
          0.26278022,
          0.8298717,
          0,
          0.4540927,
          0.30284745,
          0.8725284,
          1
        ]
      },
      {
        "date" : 797782552.499912,
        "title" : "Untitled",
        "transform" : [
          0.8600993,
          6.015468e-09,
          -0.5101266,
          0,
          -0.1340512,
          0.96485573,
          -0.22601709,
          0,
          0.49219856,
          0.26278022,
          0.8298717,
          0,
          0.4540927,
          0.30284745,
          0.8725284,
          1
        ]
      }
    ],
    "B2EABB44-FE99-4C16-AE9E-91EAA4A30A91" : [
      {
        "date" : 797781648.311771,
        "title" : "Untitled",
        "transform" : [
          0.9785725,
          7.507188e-09,
          0.20590264,
          0,
          0.017814135,
          0.99625033,
          -0.08466341,
          0,
          -0.20513076,
          0.08651741,
          0.97490317,
          0,
          -0.09248087,
          0.26312196,
          0.83216834,
          1
        ]
      },
      {
        "date" : 797780918.490956,
        "title" : "Untitled",
        "transform" : [
          0.9785725,
          7.507188e-09,
          0.20590264,
          0,
          0.017814135,
          0.99625033,
          -0.08466341,
          0,
          -0.20513073,
          0.0865174,
          0.97490305,
          0,
          -0.04818384,
          0.20674907,
          0.84649163,
          1
        ]
      },
      {
        "date" : 797780827.726891,
        "title" : "Untitled",
        "transform" : [
          0.9980526,
          2.8829188e-09,
          -0.06237722,
          0,
          -0.021684425,
          0.9376305,
          -0.34695673,
          0,
          0.058486644,
          0.34763378,
          0.9358045,
          0,
          0.17339677,
          0.42855042,
          0.7414997,
          1
        ]
      },
      {
        "date" : 797780812.89452,
        "title" : "Untitled",
        "transform" : [
          0.9980526,
          2.8829188e-09,
          -0.06237722,
          0,
          -0.021684425,
          0.9376305,
          -0.34695673,
          0,
          0.05848665,
          0.3476338,
          0.9358046,
          0,
          0.15919352,
          0.43328902,
          0.74062705,
          1
        ]
      },
      {
        "date" : 797780807.261575,
        "title" : "Untitled",
        "transform" : [
          0.9991646,
          1.2471073e-09,
          -0.040866077,
          0,
          -0.0027960374,
          0.9976567,
          -0.06836236,
          0,
          0.040770188,
          0.068419605,
          0.9968233,
          0,
          0.14696115,
          0.20386875,
          0.8357334,
          1
        ]
      },
      {
        "date" : 797780744.245379,
        "title" : "Untitled",
        "transform" : [
          0.9991646,
          1.2471073e-09,
          -0.040866077,
          0,
          -0.0027960374,
          0.9976567,
          -0.06836236,
          0,
          0.040770188,
          0.068419605,
          0.9968233,
          0,
          0.16402817,
          0.25993258,
          0.8311871,
          1
        ]
      },
      {
        "date" : 797780713.347035,
        "title" : "Untitled",
        "transform" : [
          0.9991646,
          1.2471073e-09,
          -0.040866077,
          0,
          -0.0027960374,
          0.9976567,
          -0.06836236,
          0,
          0.040770188,
          0.068419605,
          0.9968233,
          0,
          0.04080569,
          0.36618483,
          0.82893395,
          1
        ]
      },
      {
        "date" : 797780659.767528,
        "title" : "Untitled",
        "transform" : [
          0.9991646,
          1.2471073e-09,
          -0.040866077,
          0,
          -0.0027960374,
          0.9976567,
          -0.06836236,
          0,
          0.040770188,
          0.068419605,
          0.9968233,
          0,
          0.12054306,
          0.31650996,
          0.8290824,
          1
        ]
      },
      {
        "date" : 797780657.753148,
        "title" : "Untitled",
        "transform" : [
          0.5337073,
          1.7585355e-09,
          0.8456692,
          0,
          -0.11429745,
          0.99082434,
          0.07213386,
          0,
          -0.83790976,
          -0.13515612,
          0.52881014,
          0,
          -0.6981291,
          0.14108819,
          0.5429518,
          1
        ]
      },
      {
        "date" : 797780652.19591,
        "title" : "Untitled",
        "transform" : [
          0.4405739,
          -8.673276e-09,
          0.8977163,
          0,
          0.02828846,
          0.9995034,
          -0.013883176,
          0,
          -0.8972706,
          0.031511657,
          0.44035506,
          0,
          -0.74699575,
          0.28550458,
          0.39460096,
          1
        ]
      }
    ]
  },
  "sceneViewportBackgroundColors" : {

  },
  "selectedSceneRelativePath" : "escena.usda"
}